9.29048121843 8.28215561511 2.63291432277
1.05522738323 0.604994048194 4.25821293556
8.03275504196 4.60137874871 8.68298130228
8.1260987864 9.31348133082 6.11005214953
1.6518824884 1.3706738172 6.62998922427
7.88251393248 9.00511375871 1.52968808626
6.67433424797 4.76188856281 5.96211708924
8.83443545477 3.10364696418 2.58586625204
0.972284361865 2.73188534062 4.25898261589
3.30254669093 4.93067019212 3.63746687409
1.3658201364 2.5317803763 9.88724907752
0.698911501891 5.85357494089 5.50155317555
8.47591133071 2.30084927364 6.24232828159
8.43443163815 3.89242675802 4.60102521952
3.25134197811 8.12970603832 6.92548695121
0.101724491483 8.89950566099 1.56697904109
6.48638266936 9.3054493637 5.86003123666
1.74311688261 4.07502107343 0.19600615665
6.59262754228 4.39167640455 6.32386672457
9.99453175429 2.88555412816 0.979096765358
2.8675287662 3.24638732205 6.10127085124
1.91712794177 5.08001304793 2.37349189225
3.00523821652 1.94928565082 3.31773632897
0.29327347677 4.99636635849 3.265289747
3.48306053385 4.25921210541 5.9748528643
7.13992739731 2.9530456552 8.4707369208
5.0562932035 4.55638100126 0.818795120711
8.08236440306 1.91909092953 8.39193872305
0.131928477273 7.36365677407 2.92175031264
8.36777246261 5.89433176883 0.41601823634
6.90008891002 6.64313068133 9.08804682596
8.86140272588 3.91383415838 7.76421329446
4.56246622047 8.86314960201 3.81083512424
2.97634665552 5.47956350453 2.30024049758
8.61103219554 8.42524915259 1.70208935399
2.6312562891 5.05426040219 3.75399400698
4.17509341982 6.36323048182 3.44196982361
0.864421367493 9.05977693158 6.30327763046
9.32134375566 4.5479927122 7.37825458313
2.3951370278 7.78680384927 1.38187405663
7.25084510514 0.398016500028 9.8975278129
7.76635318999 5.17921770068 5.30314700713
3.73006703621 8.02276190614 3.65676461196
7.13390485328 9.46896631497 9.18116444198
4.67145946712 1.69187012172 0.350103608213
1.19776314948 0.372205569375 9.78681104322
1.36327741362 7.84309361251 2.23177728349
5.14633984126 6.38389260473 5.29932770582
3.0533939413 4.24868827814 5.97830781765
4.32631843302 7.79433321955 5.9654513402
7.72809635517 8.01983367565 2.92020387288
2.47459276058 6.05367346063 3.9642259771
1.81435482178 6.26299843583 2.62561663352
7.72363095525 3.77402068447 7.16775700926
4.81737197693 1.6701192484 2.65652295134
8.01722392526 8.50344596063 4.69723159968
4.2098812367 8.8548120783 3.89852631154
8.91199413574 2.49683356015 6.38416937767
7.28682178053 3.41710524678 7.5367579296
2.57481627235 0.161791142768 1.40327662566
1.02028912967 7.96082268639 0.18195540812
2.80504158905 5.06154121973 0.106756305204
9.37723123881 8.19544435143 2.14310991731
4.97034741705 5.41345677467 5.05401131727
8.43240202962 0.191165102689 5.5731334796
0.85836805521 2.16501428347 4.40948758095
8.25064631241 2.35845583753 8.54381572911
9.0741339652 3.07307110973 5.86542387169
5.60119302536 5.99898550913 3.07748700933
5.78013144319 9.27034741751 6.38447582175
8.71257920718 7.28078940272 7.7968271834
7.83825297639 9.14951046891 0.251375152649
9.24931676426 5.01790222236 5.79304857119
7.0767829772 3.50695469273 8.7334312428
6.25077504422 5.13521510435 7.09601599604
1.7311396177 5.56690698171 4.17610741169
7.70516633216 6.20263846633 6.76038398126
3.95684492837 8.88181223288 4.11317230858
4.5141089255 5.59880838082 3.93000020341
3.83888312581 8.62067633737 8.41407945012
4.53060020475 6.60044131186 7.05057090796
7.30339783859 0.166472918625 7.03035721988
0.523037931628 9.41389120266 9.6323020533
9.73052924479 4.52262818061 7.95102979656
5.75407360403 7.03404190824 7.38513788835
5.12217373477 2.60948562727 4.15024890935
7.75447849173 8.84183740812 0.629351927453
2.81470651472 1.57336285928 8.59335644472
4.44617147507 9.9968242645 3.18685108233
9.69145790667 0.867841708585 3.38141945031
3.81950149877 5.36875974622 0.787029625483
1.76130824974 4.96305874949 6.44041596728
8.89978348039 7.26382767914 5.40043690822
3.10149094141 3.4560101227 2.03682149586
9.22032538197 7.37668712752 1.55256502003
4.39577777352 9.21265570479 7.3835585476
9.2017819861 1.30725705059 0.615490383249
6.59131608577 5.5424932598 1.98774422368
6.50245550792 9.28988819293 0.754861109711
9.3399890834 3.36112997185 3.0052011416
